METRO
4
3
6
7
9
10
15
16CD
16CS
79
13
102
1068
1085
1086
1087
1091
1099
10N
11
1128
12
1224
132
14
1432
1435
1442
1510
1511
159
15N
17
17B
18
19
19N
1C
1N
1S
2
20
2009
2014
2016
2027
2073
2172
22
2354
24
25
26
27
29
2C
30
3006
3023
3092
3096
3105
3106
3107
3121
3131
3132
3133
3165
3166
32
33
3316
3321
3329
3331
3382
34
3428
3429
35
3502
3545
35N
36
36N
38
38S
39
3950
3971
3990
40
41
4108
4147
4151
4152
4153
4154
4155
4156
4157
4168
42
43
44
44S
45
4512
4513
4541
4546
45B
46
47
48
49
4N
5
50
5095
51
5134
5135
5137
5140
5141
5143
5145
5150
52
53
5318
5319
5322
5379
54
55
56
58
58B
59
59B
60
61
62
63
63B
64
65
66
67
68
69
70
71
72
72B
73
74
75
76
77
78
79B
8
80
81
82
83
84
86B
88
89
89B
90
91
92
93B
94
95
95B
96
97
98
99
CP1
E68
E68B
LS1
M1S
MEOR
N04
N04B
N08
N10
OB1
RV2
S04
S05
S05B
S18
S18B
S45
S45B
SE1
SE2
ST1
ST2
VE1
VE2
VEX
W01
W15
W15B
W60
